int 1 1
S 2 1
( 6 1
int 1 1
n 2 1
, 4 1
int 1 1
m 2 1
) 6 1
{ 8 2
if 1 3
( 6 3
n 2 3
== 4 3
0 3 3
) 6 3
return 1 3
m 2 3
+ 4 3
1 3 3
; 5 3
if 1 4
( 6 4
m 2 4
== 4 4
0 3 4
) 6 4
return 1 4
S 2 4
( 6 4
n 2 4
- 4 4
1 3 4
, 4 4
1 3 4
) 6 4
; 5 4
return 1 5
S 2 5
( 6 5
n 2 5
- 4 5
1 3 5
, 4 5
S 2 5
( 6 5
n 2 5
, 4 5
m 2 5
- 4 5
1 3 5
) 6 5
) 6 5
; 5 5
} 8 6
int 1 8
gcd 2 8
( 6 8
int 1 8
a 2 8
, 4 8
int 1 8
b 2 8
) 6 8
{ 8 8
if 1 9
( 6 9
b 2 9
== 4 9
0 3 9
) 6 9
return 1 9
a 2 9
; 5 9
return 1 10
gcd 2 10
( 6 10
b 2 10
, 4 10
a 2 10
% 4 10
b 2 10
) 6 10
; 5 10
} 8 11
int 1 13
main 2 13
( 6 13
) 6 13
{ 8 13
out 1 14
( 6 14
S 2 14
( 6 14
2 3 14
, 4 14
1 3 14
) 6 14
) 6 14
; 5 14
return 1 16
0 3 16
; 5 16
} 8 17
